Sentence: I enjoy coding in Python.
Numerical Embedding:
[-6.93934411e-02 -1.07707987e-02 -3.81863751e-02  4.33197357e-02
 -3.73453484e-03 -1.60308361e-01  4.74238303e-03  6.26652986e-02
 -2.68186778e-02  4.07014824e-02 -2.39682551e-02  4.08908576e-02
  4.06566486e-02  3.03622447e-02  7.34169483e-02 -2.13481616e-02
 -1.05505615e-01  4.37987270e-03  5.54071628e-02 -1.29895210e-01
 -4.90163229e-02  2.63782945e-02  1.59051698e-02 -1.52405968e-03
  6.55966327e-02 -1.19660534e-02 -3.27894115e-03 -1.33385952e-03
  3.25619727e-02 -4.87145260e-02 -9.17272493e-02  1.12493470e-01
  6.60673231e-02  4.61077914e-02  3.10204588e-02  6.35433719e-02
  4.36168760e-02 -5.65295778e-02 -4.31535281e-02  3.57208289e-02
 -6.14921041e-02  4.75984961e-02  2.51648501e-02 -3.70463617e-02
 -1.75114535e-02 -3.71503159e-02 -6.17147982e-02 -3.21758799e-02
  4.98865619e-02 -6.65932288e-03 -4.22061831e-02  1.82800200e-02
 -8.65660161e-02 -4.93281446e-02  3.20207588e-02 -6.62280992e-02
  8.40076208e-02 -2.21326798e-02  2.78280210e-03 -1.38339043e-01
 -1.91704370e-02  5.39405234e-02 -3.15051526e-02  7.39640743e-02
  2.78811250e-02 -9.28501319e-03 -5.21821482e-03  7.23035783e-02
  2.21026391e-02 -5.14619164e-02 -1.16416469e-01 -8.07228405e-03
 -8.50678049e-03  1.15945265e-01  1.36691689e-01 -9.18279067e-02
  4.52321656e-02 -3.68451141e-02  1.25681907e-02  9.40091070e-03
  1.97056793e-02 -4.77369241e-02 -2.79936958e-02  8.93223956e-02
  1.66317225e-02 -9.23328102e-02  6.31938279e-02  1.56086504e-01
  2.15871036e-02 -2.47540395e-03  1.78100280e-02 -6.73667639e-02
  4.05145735e-02  1.34071978e-02 -6.02662824e-02  5.52136116e-02
  4.85092364e-02  1.52816158e-02 -4.33853790e-02  4.28864211e-02
  2.38512550e-03 -8.76732245e-02 -1.98111590e-03  2.36828588e-02
  4.98497672e-03  3.57509777e-02  7.86312073e-02  2.10240912e-02
  9.19836611e-02 -3.45188603e-02 -2.01986041e-02 -2.49474067e-02
 -1.29419696e-02 -4.36583981e-02  8.97101685e-02  8.85603502e-02
  6.23367028e-04  6.43720999e-02  5.40366843e-02  3.91983427e-02
  3.37981358e-02  5.67515977e-02 -7.15832114e-02 -2.65235845e-02
 -3.50295156e-02 -4.89989780e-02 -1.29224164e-02 -6.33400437e-33
 -4.64332663e-02 -3.43303643e-02  9.02549084e-03  2.78221630e-02
  1.82140265e-02 -7.87701644e-03  4.33891900e-02  2.53823288e-02
 -9.16174799e-02  1.34201963e-02 -4.25414555e-03  8.27600732e-02
 -2.67873215e-03  8.70000422e-02  9.85733885e-03 -8.56079161e-03
 -6.91037904e-03  6.50838688e-02 -3.76297534e-03 -2.55912472e-03
  2.14674361e-02 -4.56339344e-02  4.17572074e-02  8.69640708e-02
 -8.25068261e-03  1.53282527e-02  5.58298035e-03 -9.24985781e-02
  6.69227391e-02  4.31892313e-02 -8.08469504e-02 -1.58349164e-02
 -7.29888082e-02 -9.46494751e-04 -3.73113342e-02 -1.53369159e-02
 -2.69519631e-02 -6.85742572e-02  2.87300274e-02 -6.21002819e-03
 -2.50088219e-02  2.31240857e-02  1.63603912e-03  4.17066598e-03
  3.84553149e-02 -7.41107669e-03  2.63207126e-02  1.47505701e-02
 -2.68445350e-02  3.32464762e-02 -2.75013857e-02  5.40760637e-04
  4.41606008e-02  5.20946719e-02 -1.30148279e-02  3.08364797e-02
  7.43987411e-02 -2.70441622e-02  3.24839279e-02  1.40821503e-03
 -5.56752551e-03  3.66300158e-02  3.64471003e-02 -4.61127274e-02
 -3.26345512e-03  7.60271996e-02  3.20974365e-02  5.45367189e-02
  3.60829011e-02  3.43192667e-02 -1.01792760e-01  3.49367894e-02
 -4.72549126e-02 -1.73255187e-02 -2.44478006e-02 -1.17165577e-02
  2.78742071e-02 -8.24508369e-02 -2.12117042e-02  1.33544030e-02
  1.94607712e-02 -2.57267766e-02 -3.53473425e-02 -5.20656258e-02
  4.87434082e-02 -1.61146540e-02  4.43094000e-02 -6.70942515e-02
 -1.73593741e-02 -1.37670655e-02 -4.39389013e-02 -5.22524081e-02
  2.27148216e-02  3.32490425e-03 -2.82445084e-02  4.55746543e-33
 -5.64275868e-03 -8.83958396e-03 -3.78142819e-02  1.17219212e-02
 -1.04263738e-01 -7.65891299e-02  3.68068554e-02 -7.59096025e-03
  3.77182104e-02  2.09164117e-02 -1.40167726e-02 -7.49181211e-02
  1.14850029e-02  3.38673517e-02  8.75928849e-02 -3.61199258e-04
 -1.05841085e-01  3.01756859e-02 -3.36850993e-02  1.78468954e-02
 -8.38277861e-02  7.26887211e-02 -3.57551835e-02 -2.65943930e-02
  7.03334855e-03 -2.19691768e-02 -4.62679826e-02 -3.39587443e-02
  9.88325942e-03  1.63296368e-02 -8.41467700e-04  4.36823703e-02
 -9.19983312e-02 -4.23219875e-02  9.54074413e-03 -9.51288640e-03
  5.04256785e-02 -3.80772650e-02  6.80562435e-03 -2.21971925e-02
  7.14558661e-02  4.43314165e-02  7.28971064e-02  7.84579739e-02
  1.52270887e-02  3.22842598e-02 -1.94658935e-02  3.09594180e-02
 -1.23922550e-03 -3.46927270e-02 -5.15913172e-03  2.54349262e-02
  1.77543852e-02 -8.01323131e-02 -2.70996410e-02 -1.09545086e-02
 -6.02408079e-03  7.69479480e-03 -6.49672747e-02 -2.67053824e-02
 -1.00213818e-01 -2.46919459e-03  3.69898304e-02  2.51591075e-02
 -3.95617932e-02 -3.60934287e-02 -1.35085806e-01 -3.51056014e-03
 -6.65845573e-02 -1.20778188e-01  8.47413689e-02 -1.48629835e-02
 -3.73149887e-02  9.03731119e-03 -8.00301358e-02 -1.84676785e-03
  3.85155459e-03  3.33123095e-02 -5.71720637e-02  6.78361058e-02
  3.81320529e-02 -4.38666018e-03  4.60216124e-03  3.88320126e-02
 -1.12453312e-01  4.26366366e-02  3.50327380e-02  5.06566726e-02
  5.04433457e-03 -6.57010972e-02 -3.18227522e-02  8.61902162e-02
  7.22207949e-02 -2.93966420e-02  2.21256167e-02 -1.29370914e-08
 -2.21941005e-02  1.82364676e-02  9.35925767e-02 -2.24689376e-02
 -1.98446978e-02  9.84064043e-02 -2.81609260e-02  1.75059810e-02
 -5.43011688e-02  1.59292798e-02  1.08116850e-01 -6.81919828e-02
 -4.57962714e-02 -8.34181998e-03  8.06242526e-02  1.20717630e-01
  7.55630210e-02 -1.73232481e-02  7.90710002e-03  1.57556385e-02
  4.80714291e-02  2.15523429e-02 -2.62877550e-02  7.91317821e-02
 -1.48795187e-01 -4.64286702e-03  6.16967604e-02 -2.46518874e-03
  1.48072215e-02 -3.37377563e-02  1.03785731e-02  5.85611444e-03
 -5.08541521e-03  9.81610734e-03  3.62372734e-02 -7.39895552e-02
  1.99820288e-02 -6.61620945e-02  3.84672685e-03 -3.98266017e-02
 -9.74444579e-03  3.07813454e-02 -7.00103538e-03 -5.00893481e-02
  6.02125609e-03  4.72934656e-02  5.83316572e-02 -6.30362630e-02
 -2.93129943e-02  3.32377618e-03 -1.57094956e-03  1.27548575e-02
 -2.23615803e-02 -7.36283651e-03  1.21564686e-01  3.70170996e-02
 -8.92012417e-02 -2.64810566e-02 -7.83593114e-03  6.39103502e-02
  1.30262272e-02  1.33646026e-01  9.16403607e-02 -2.49123648e-02]
Number of dimensions: 384

Sentence: I love programming in Python.
Numerical Embedding:
[-5.76170571e-02  4.26228717e-03 -2.81531643e-02  2.51975786e-02
 -1.65056661e-02 -1.77367464e-01  8.36192071e-03  7.99573287e-02
 -1.27755515e-02  3.09687722e-02 -6.11959398e-02  4.32490632e-02
  5.77254221e-02  3.86089832e-02  6.39842451e-02 -3.22091803e-02
 -9.85355154e-02 -1.12035526e-02  3.87339853e-02 -1.36768699e-01
 -9.10139903e-02  3.86879966e-02 -3.08396551e-03 -1.95422047e-03
  3.21981758e-02 -1.20749744e-02  1.01746274e-02 -2.68762317e-02
 -1.96932498e-02 -5.76636381e-02 -8.68189931e-02  1.20092630e-01
  3.70100327e-02  3.54262590e-02  5.96786756e-03  5.93922883e-02
  4.01389115e-02 -6.00322634e-02 -1.64353773e-02  3.28884646e-02
 -4.53477837e-02  5.80715425e-02 -1.28670468e-03 -5.44104166e-02
 -3.57130505e-02 -3.01120449e-02 -6.71182349e-02 -1.14711756e-02
  8.22684467e-02  2.57262979e-02 -5.98234646e-02 -2.88658869e-03
 -6.94856644e-02 -3.91143784e-02  1.72195341e-02 -3.35731059e-02
  9.80610773e-02 -2.00469997e-02  8.67341366e-03 -1.32415980e-01
 -4.50337119e-02  5.43068573e-02 -3.20812389e-02  6.79352582e-02
  1.98764764e-02 -1.06504923e-02  9.06457659e-03  5.91002926e-02
  3.62078398e-02 -4.89742123e-02 -9.44813117e-02 -7.79189460e-04
 -1.95013788e-02  8.27015862e-02  1.10064462e-01 -8.65113288e-02
  3.67053933e-02 -3.91401686e-02  3.06167197e-03 -7.63625745e-03
  3.19531858e-02 -5.65551743e-02 -4.04070020e-02  5.52013591e-02
  2.03481428e-02 -9.33378041e-02  2.53117476e-02  1.42013252e-01
  2.29800623e-02 -9.49202757e-03  3.14036049e-02 -7.11121187e-02
  1.23087354e-02  1.11931833e-02 -6.97037503e-02  5.64718284e-02
  5.05797900e-02 -1.35664176e-02 -3.98626886e-02  5.20094000e-02
 -1.92500688e-02 -9.38383192e-02  1.70859303e-02  3.42683680e-02
  2.73208227e-02  2.73287948e-02  7.70150572e-02 -1.24514243e-02
  8.52791891e-02 -3.23161855e-02 -2.65367907e-02 -5.08368760e-02
  1.27257202e-02 -2.27777138e-02  7.98223764e-02  8.82247835e-02
  1.49237588e-02  7.21616596e-02  3.73247378e-02  4.37338538e-02
  2.32734215e-02  6.35403097e-02 -4.15811315e-02 -2.34543090e-03
 -2.41245236e-02 -3.16370912e-02 -1.10683301e-02 -6.71863347e-33
 -8.81323293e-02 -5.11252806e-02  1.98847260e-02  2.58227456e-02
  3.93889509e-02 -1.44928833e-02  7.68124238e-02  5.01907691e-02
 -7.94107839e-02 -5.33060590e-03  1.23454286e-02  8.74613225e-02
  3.08122393e-03  7.87242353e-02  2.23964006e-02 -3.39819975e-02
  9.68979672e-03  5.04888594e-02  3.92349111e-03 -1.24435080e-02
  4.86653894e-02 -1.00222481e-02  4.17425036e-02  6.38053268e-02
 -1.17136084e-03 -1.75622441e-02  1.44112483e-02 -7.30203539e-02
  6.62665144e-02  3.65906991e-02 -7.31792152e-02  1.02882423e-02
 -6.22722320e-02  1.19384313e-02 -2.28208825e-02 -1.26840295e-02
 -3.26253287e-02 -8.06325823e-02  4.82655689e-02  3.61233950e-03
 -3.53993364e-02  2.20319331e-02  1.96687765e-02 -1.50196794e-02
  2.69699190e-02  1.57714207e-02  2.23912988e-02  4.31412347e-02
 -1.06312893e-02  1.87111236e-02 -3.45328823e-02 -2.37839743e-02
  5.26415892e-02  4.10394967e-02 -1.22994222e-02  3.02117895e-02
  7.57040009e-02 -2.27923784e-03  8.19319487e-03 -2.06020419e-02
 -1.29550835e-02  5.46105318e-02  5.45093156e-02 -3.07331011e-02
 -1.55036962e-02  6.63092360e-02  3.64684053e-02  8.51237774e-02
  3.04653738e-02  5.53060062e-02 -8.93370658e-02  4.49335389e-02
 -4.60632183e-02 -3.37840989e-03 -4.22414914e-02 -1.75201967e-02
  5.20098358e-02 -9.12187323e-02 -2.28319578e-02  3.00618503e-02
  7.92090502e-03 -2.15695407e-02 -1.70608982e-02 -4.89853844e-02
  5.98592497e-02 -6.69446029e-03  3.00827902e-02 -5.12771569e-02
 -1.71391498e-02 -3.54828946e-02 -3.35849933e-02 -8.00375938e-02
  1.91517752e-02  9.98652168e-03 -4.91208732e-02  4.23033491e-33
 -4.56175627e-03 -2.29240097e-02 -3.53016630e-02  2.52099596e-02
 -7.87986740e-02 -5.78182340e-02  3.45547460e-02  9.24566854e-03
  1.65123418e-02  3.18589211e-02  7.37065711e-05 -5.03863916e-02
  4.25067842e-02  4.92435247e-02  4.60723490e-02  1.23457620e-02
 -8.55257511e-02  3.65284644e-02 -5.08054905e-02 -8.94213654e-03
 -8.95210579e-02  4.63297777e-02 -4.93807830e-02 -1.35353915e-02
  2.22702846e-02 -4.98394221e-02 -4.39400077e-02 -3.78980599e-02
  3.79419024e-03  6.71983287e-02 -8.06623138e-03  6.07033446e-02
 -1.01014927e-01 -3.59359831e-02  4.07640524e-02 -2.54080747e-03
  3.06469034e-02 -4.77449670e-02 -7.34772347e-03 -2.27582101e-02
  8.66023377e-02  3.90274860e-02  7.67579898e-02  9.81150046e-02
  1.56190442e-02  2.51099803e-02 -2.93480102e-02  5.33543900e-02
 -2.21039932e-02 -4.42557484e-02 -2.15903409e-02  1.16125075e-02
  6.77812099e-02 -7.81789497e-02 -2.77518332e-02 -1.83219817e-02
  5.00486307e-02  5.91929024e-03 -9.08435583e-02 -5.61412387e-02
 -1.01490557e-01 -9.72292572e-03  3.10356896e-02  4.41784151e-02
 -5.03794290e-02  6.99915690e-03 -1.11787386e-01 -2.31852215e-02
 -7.21330941e-02 -1.14314146e-01  9.81007591e-02  2.64265668e-03
 -1.36370221e-02  2.28942968e-02 -9.33802053e-02  1.26143368e-02
 -1.25038987e-02  2.06369124e-02 -6.43891767e-02  7.37694949e-02
  7.80372173e-02 -1.43128671e-02  1.09439681e-03  4.61147018e-02
 -1.15607783e-01  5.26723862e-02  1.74921304e-02  6.92882091e-02
 -1.72959315e-03 -5.75763695e-02 -1.82598773e-02  7.06066266e-02
  6.23120964e-02 -2.84214690e-02  1.86972786e-02 -1.29087558e-08
 -1.22093000e-02  7.55721657e-03  1.07496224e-01 -3.02677564e-02
 -2.43341811e-02  8.81302506e-02 -1.33246798e-02 -3.59815769e-02
 -7.96744749e-02  3.36046629e-02  3.67799625e-02 -4.71048988e-02
 -5.22398390e-02 -1.23160407e-02  7.16114715e-02  1.06110394e-01
  9.95600298e-02 -3.41430381e-02  1.42921079e-02 -6.00800430e-03
  2.84609608e-02  1.41816000e-02 -2.80803908e-03  9.23148990e-02
 -1.22287832e-01 -3.69872688e-03  5.94560057e-02  8.89974926e-03
  3.70240994e-02 -4.01053056e-02  6.02128683e-03 -4.64873128e-02
 -3.16427983e-02  1.92041900e-02  4.65844646e-02 -4.40347567e-02
  1.87029224e-02 -5.54138124e-02  4.60305775e-04 -3.63822803e-02
 -3.71972173e-02  4.77302894e-02 -5.41290094e-04 -5.63036762e-02
 -8.41573253e-03  5.48335202e-02  3.04165147e-02 -7.41838068e-02
  1.31100602e-03 -2.45815795e-03 -4.37351270e-03  1.49515951e-02
 -5.61404368e-03 -2.31222473e-02  1.10874735e-01  5.92299290e-02
 -1.20455459e-01 -2.44858265e-02 -1.52179105e-02  3.55624259e-02
  3.67229395e-02  1.15438387e-01  1.02256119e-01 -1.58193987e-02]
Number of dimensions: 384

Sentence: I am learning artificial intelligence.
Numerical Embedding:
[ 2.84586344e-02 -8.99636298e-02 -2.20258487e-03  2.20852681e-02
  3.43415029e-02 -4.57797907e-02  8.73751473e-03  8.41692314e-02
  3.11816414e-03  2.24748384e-02  5.44000301e-04  1.53810689e-02
 -3.93124819e-02  1.42128784e-02  6.96449867e-03  3.11856158e-03
 -1.99474767e-02  5.18989470e-03 -6.43465891e-02 -8.79542977e-02
  1.59930922e-02  2.75536273e-02 -3.79990693e-03 -2.13645939e-02
 -8.04217812e-03  1.89320706e-02 -5.58500737e-03  3.54621373e-03
  6.33399710e-02 -6.25807345e-02 -5.30339368e-02 -2.78784130e-02
  8.35777968e-02  7.96223804e-03 -5.08102067e-02  4.26364020e-02
 -4.64333482e-02 -4.90336120e-02  7.37597123e-02 -1.34015344e-02
 -2.13962719e-02 -4.31242064e-02  3.10560614e-02 -2.19522826e-02
  7.03575686e-02  3.77234295e-02 -8.32767636e-02 -2.83991992e-02
  9.83788967e-02  2.97673848e-02 -1.08240232e-01  1.58019047e-02
 -5.95753863e-02  3.66604999e-02  2.00952608e-02 -1.79458433e-03
  4.22093496e-02  3.95202730e-03  9.30418167e-03 -7.98898637e-02
  9.05313715e-03 -6.23540059e-02 -8.22775885e-02  1.06979340e-01
  1.51913976e-02 -1.02789365e-02 -4.52111214e-02  4.59524952e-02
  1.05927950e-02 -7.07451301e-03 -2.28504650e-02  7.17612505e-02
  3.11962012e-02  7.91802108e-02  6.13058582e-02 -7.26940781e-02
  3.73014323e-02 -2.01714300e-02  1.00958779e-01 -4.47382033e-03
 -4.78148647e-02 -7.18040066e-03 -3.69843356e-02  1.30446060e-02
  6.24621585e-02  2.23882776e-03  4.31813225e-02  1.15621120e-01
  1.90782752e-02 -9.40845069e-03  9.88733023e-03  1.05481027e-02
 -5.44975102e-02  9.25945677e-03  3.26112732e-02  5.78305051e-02
  2.66715605e-02 -6.47721663e-02 -8.85222852e-03  6.02266826e-02
 -1.48596438e-02  7.11493706e-03  1.49953850e-02  2.40620002e-02
 -4.23429385e-02 -2.13739998e-03  1.62030589e-02  6.18487559e-02
  6.75656945e-02 -1.03299670e-01 -1.60053801e-02  3.37567255e-02
 -1.83869712e-02 -3.08276899e-02  3.32383788e-03  7.09564909e-02
  4.34056409e-02  7.75230452e-02  9.29895714e-02  7.18719140e-02
  2.38377694e-02  6.77791536e-02 -6.19199015e-02  1.39636770e-02
  9.03510489e-03 -8.52231383e-02 -1.09494679e-01 -3.16782136e-33
 -3.28381620e-02  3.24627087e-02  6.05883822e-02  9.45128873e-02
 -6.61408678e-02 -7.99813792e-02  2.22303998e-02  9.35842749e-03
 -1.93278715e-02 -1.02375261e-02 -4.27658996e-03 -7.34537467e-03
 -4.11818363e-02  3.04543208e-02  2.16106139e-02 -4.96213179e-05
 -3.34195830e-02  8.41962099e-02  1.05660176e-02  1.15981447e-02
  2.43093167e-02 -8.64510685e-02  9.41647030e-03 -1.73461996e-02
  2.03895643e-02  3.21188942e-02  5.50022423e-02 -8.03621262e-02
 -2.88084354e-02  3.26493420e-02  1.92981251e-02  9.27975550e-02
 -9.78965014e-02  1.83662623e-02 -1.72513481e-02 -7.27683678e-03
 -3.53551805e-02  1.57134850e-02 -4.36598947e-03 -1.14722252e-02
 -8.25668219e-03  6.80301152e-03  1.48026105e-02 -5.89054190e-02
  4.76824306e-02 -7.69921541e-02  9.71646756e-02 -5.67999929e-02
 -3.63682136e-02 -3.52837071e-02 -4.85561416e-02 -2.24076230e-02
 -2.39648037e-02 -1.08644530e-01  3.15366723e-02  2.74763722e-02
  3.54024358e-02  1.76293235e-02  8.06515862e-04  8.69220961e-03
 -3.25657353e-02 -1.22886421e-02 -1.05642239e-02  4.21074070e-02
 -4.10473086e-02  1.05050929e-01 -3.74601632e-02  3.69556807e-02
  1.05719015e-01 -1.13703730e-02 -4.69885068e-03 -1.05612390e-02
  2.95487256e-03  4.66803648e-03 -5.79802319e-02 -3.11750248e-02
  1.20428707e-02 -9.24835876e-02 -1.28416047e-02  3.33644673e-02
 -5.57007268e-02 -2.72473004e-02 -4.98425514e-02 -6.25554696e-02
  4.09727581e-02  2.87078451e-02 -9.72132757e-03 -5.84749319e-02
  7.28024840e-02 -2.11211573e-03 -7.00587183e-02 -3.03070936e-02
 -2.11072131e-03  3.05848960e-02 -1.24020502e-01  1.79705205e-33
 -7.78430924e-02  3.71827185e-02 -6.13949895e-02  7.27873072e-02
 -2.61616055e-02  5.33441501e-03  6.35287389e-02  1.78040862e-02
  2.72008348e-02  3.12036313e-02 -4.29997183e-02  2.71324925e-02
 -3.20717990e-02  2.00586244e-02  1.90375950e-02 -6.06117994e-02
 -7.09479079e-02 -1.64039005e-02 -4.47064824e-02  6.36079013e-02
 -9.65968817e-02  9.18173939e-02 -7.20164254e-02  3.33718001e-03
  5.01509570e-02  1.97941996e-02  1.35228224e-02 -1.41325116e-03
 -1.13099311e-02  4.79946360e-02 -4.26422572e-03 -4.20449600e-02
 -1.16848648e-01  1.45390769e-02  6.11302722e-03  5.31140752e-02
  6.28889874e-02 -9.68353078e-02  2.65351329e-02  2.82549132e-02
  4.76763248e-02  7.35404377e-04  4.90173651e-03  4.25266288e-02
  4.43533622e-03 -8.62267707e-03 -4.73942957e-04  7.68027157e-02
  1.91073082e-02 -6.53978391e-03 -8.23581684e-03 -2.74807680e-02
 -2.98220627e-02 -1.07324041e-01 -5.39876521e-02  4.21644598e-02
  3.72693166e-02 -5.05609624e-02  2.92326082e-02  3.73496898e-02
 -9.78584588e-02 -5.36667593e-02  3.31321135e-02  4.91554514e-02
 -4.03919034e-02 -3.75778712e-02 -8.44985917e-02  8.91338363e-02
 -4.48252521e-02 -3.97621617e-02  5.47168106e-02  2.35358384e-02
 -2.63968483e-02 -2.63724811e-02 -2.29369719e-02 -1.09267071e-01
 -1.48117626e-02  4.90645096e-02 -1.77731924e-02  2.28767227e-02
  7.53956512e-02 -3.12981494e-02 -1.82866771e-02  6.23679906e-02
 -9.18156654e-02  4.69370186e-02  2.65250579e-02  2.33818758e-02
 -1.73103362e-02 -6.42828196e-02 -8.84855986e-02  4.37861085e-02
  1.75624527e-02 -8.78885109e-03 -1.05047226e-01 -1.59456572e-08
 -1.58737600e-02 -1.57970395e-02  2.06323177e-01 -2.06623077e-02
  1.89575239e-03  4.27301414e-02 -5.37524931e-02  3.80083807e-02
 -6.87582493e-02 -5.84739558e-02  4.42186520e-02 -4.34047319e-02
  8.80091079e-03 -6.84510022e-02  1.84772521e-01  4.06320468e-02
  6.48026839e-02 -2.59899199e-02  3.63270706e-03  1.12045975e-02
  6.10986352e-02  8.78775492e-03  3.16311643e-02  4.20703888e-02
  8.30164179e-04 -8.76709726e-03  2.94088889e-02  8.00544024e-02
 -4.71065901e-02  4.82877530e-02 -2.02048626e-02  7.44226202e-02
  1.20529244e-02 -7.93804675e-02  9.81999338e-02  1.17340304e-01
  1.39963832e-02 -6.96062669e-02  4.59764078e-02 -2.52904780e-02
 -4.34070127e-03  1.04307368e-01 -1.99838467e-02  2.02468503e-02
  6.68533295e-02  4.37316447e-02  6.76478911e-03 -1.04928628e-01
  4.08643335e-02 -1.52169901e-03 -4.38602865e-02  9.78702772e-03
  3.42162959e-02  2.19118856e-02  5.75388670e-02  5.13537712e-02
 -1.14726955e-02 -6.77093938e-02 -5.15826382e-02  1.05574772e-01
  2.99391299e-02  5.32658659e-02 -1.13232629e-02 -5.49138561e-02]
Number of dimensions: 384

Sentence: Machine learning is interesting.
Numerical Embedding:
[-4.90368418e-02 -1.01073116e-01  8.89049172e-02  2.79693808e-02
 -1.43496264e-02 -4.40036729e-02 -4.01982218e-02 -4.06922325e-02
 -1.93220619e-02 -9.24826227e-03 -3.31848525e-02  7.71806985e-02
  1.25807179e-02  2.78469529e-02 -2.40678228e-02  6.31698174e-03
 -1.67771205e-02 -1.41563092e-03 -6.39158934e-02 -1.43631279e-01
  8.05887859e-03  5.34136605e-04  2.25362945e-02 -3.29984948e-02
  4.87808138e-02  2.22902074e-02  5.58073223e-02  3.53889749e-03
  3.15696821e-02 -5.12955673e-02 -2.33570971e-02  6.84879124e-02
 -1.05997585e-02 -2.19977945e-02 -1.06530808e-01 -8.28556251e-03
 -1.06025152e-02  6.69801459e-02  3.18156779e-02  3.62927765e-02
 -1.74082555e-02 -2.63394509e-02  5.95109165e-02 -1.30361961e-02
  9.32602063e-02  9.41426158e-02 -4.86169606e-02 -3.42222191e-02
 -1.64648388e-02  2.02882234e-02 -1.31940261e-01 -4.30189259e-02
 -5.08027524e-02  2.53172684e-02 -4.02513295e-02 -3.36275585e-02
  2.08774377e-02 -1.58884507e-02  3.43382657e-02 -1.64944194e-02
 -1.29486667e-02 -7.97882900e-02 -7.01330826e-02  3.24297957e-02
  6.43671528e-02  1.02459267e-02 -1.65856853e-02  6.52995333e-02
 -2.45285705e-02 -6.01039417e-02 -2.40570102e-02  1.13915585e-01
  1.40564458e-04  1.34972781e-01  1.00334257e-01  4.00904752e-02
  4.53251638e-02  7.41323903e-02  4.22839113e-02  3.62240113e-02
  5.90229081e-03 -7.48429298e-02 -6.81556412e-06  3.88000272e-02
  1.05086736e-01 -1.02531075e-01 -5.65613583e-02  3.44759747e-02
 -6.17141984e-02  5.95327886e-03 -2.18939092e-02 -8.45047366e-03
  5.27839698e-02 -7.85991400e-02 -1.68494638e-02  5.58755510e-02
 -1.65629871e-02 -4.20442894e-02  2.18563285e-02  7.92103633e-02
 -8.75446126e-02  1.62418634e-02  2.96150092e-02  2.83238944e-02
  2.85858344e-02  7.47394841e-03  6.64049983e-02 -1.37055954e-02
  1.28755614e-01 -1.29746005e-01 -6.39128909e-02  7.75816441e-02
 -1.58512704e-02 -5.87964319e-02  5.97837381e-03 -1.02751078e-02
  5.95253408e-02  1.20978141e-02  4.21038503e-03  6.03261217e-02
 -5.57323843e-02 -9.04725399e-03 -7.70738497e-02  1.07123209e-02
  7.30373710e-02 -3.00546847e-02 -7.25479648e-02 -2.65142889e-33
 -1.70047954e-02 -6.14248663e-02  3.49347033e-02  3.72607857e-02
  3.43508758e-02 -1.01851903e-01 -4.48873304e-02 -3.78198884e-02
  3.43306214e-02  3.86800995e-04 -2.44193636e-02  8.43384936e-02
  1.88857038e-02  2.06725560e-02  2.87439432e-02 -3.54264528e-02
 -3.89819965e-02  1.00703262e-01 -6.40112115e-03 -3.67953107e-02
  1.81058291e-02  1.43142706e-02  7.85484165e-02  9.44719464e-03
  6.32072659e-03  1.04158055e-02  3.27717029e-02 -5.40631786e-02
  7.50835910e-02  1.84353832e-02 -6.24256395e-03  3.14413793e-02
 -8.80256742e-02  3.61866527e-03 -3.62076215e-03 -1.67734374e-03
 -4.27921768e-03 -3.11143957e-02  5.58542944e-02  1.05902879e-02
 -1.08624157e-02 -2.82446966e-02  2.52542831e-02 -4.00144942e-02
 -1.25998249e-02  3.46526168e-02  2.45892834e-02 -9.60838571e-02
 -1.14849079e-02 -6.73984438e-02 -3.71820480e-02 -1.88115537e-02
  1.60108123e-03  3.09205288e-03  2.59193499e-02  4.95712720e-02
 -3.80451092e-04 -4.84146737e-03 -1.54014146e-02 -1.71823043e-03
 -2.52260752e-02  6.74128532e-02  1.81853659e-02  9.91990883e-03
 -5.75102977e-02  6.11131229e-02  3.46361436e-02 -1.94894020e-02
  3.68641652e-02  4.92178984e-02  4.11225259e-02  3.59296352e-02
  1.38016436e-02 -6.09064214e-02 -4.31669652e-02  1.93336345e-02
  2.62924787e-02 -4.38962914e-02 -8.47913697e-03  2.15207171e-02
 -2.42630485e-02 -8.26389045e-02  7.68400952e-02 -8.38231370e-02
  1.56700052e-02 -1.16797751e-02  1.32050999e-02 -9.84337404e-02
 -6.57133460e-02  9.93044674e-03 -5.26045449e-02 -2.36329660e-02
  1.61912013e-02  2.67155748e-02 -3.22242714e-02  2.70069056e-33
 -1.54190943e-01 -3.52480263e-02 -8.12271424e-03  1.03969552e-01
 -2.79125068e-02  3.21151991e-03 -6.90837279e-02  8.85323901e-03
 -8.04237183e-03  4.67083156e-02  4.66725007e-02  3.16574834e-02
  5.58306798e-02  3.11458837e-02  1.12950550e-02 -4.35056025e-03
 -2.64271591e-02  1.30952038e-02 -2.10501701e-02  5.44555001e-02
 -2.22614203e-02  1.14407904e-01 -5.91243915e-02  8.03162903e-03
  4.93843481e-02  3.44608799e-02 -8.99362713e-02  1.45604601e-03
 -8.11667938e-04  1.21428510e-02 -9.14939046e-02 -3.83104831e-02
 -5.42481467e-02 -3.38910930e-02 -8.89179856e-02  2.99453177e-02
 -9.37439327e-04 -3.39011922e-02  2.69476082e-02  5.88618256e-02
  1.66748092e-02  1.95501577e-02 -1.56389195e-02 -6.16527945e-02
 -5.80642000e-02 -6.33197129e-02 -1.51838586e-02  5.20922653e-02
  2.88184453e-02  6.02058135e-03  2.82971282e-02  4.34065908e-02
 -6.37323856e-02 -7.85135254e-02  2.25623231e-03  3.34803052e-02
 -1.63588300e-02 -9.75228567e-03  3.60472947e-02  6.01283163e-02
 -1.18933998e-01 -2.35352479e-03  4.04535383e-02  6.86335564e-02
  2.69361585e-02 -4.74428795e-02 -5.12853898e-02  1.80575047e-02
 -8.11230168e-02 -5.28552532e-02  1.02451816e-01  1.63165275e-02
 -4.15614061e-02  6.84093535e-02 -4.33175340e-02 -1.62364654e-02
  6.81967335e-03 -4.25402187e-02 -4.52715382e-02 -4.29789796e-02
  7.56188706e-02 -9.44382548e-02  3.25783417e-02  6.54236376e-02
  5.53894928e-03  1.39716014e-01  3.96776348e-02 -4.63961884e-02
  1.00920210e-02 -4.42229211e-03 -5.64358160e-02  1.66169852e-02
  4.72571264e-04  7.82309100e-02 -3.78769226e-02 -1.25991999e-08
  8.10392946e-03 -7.33225048e-02  9.45911780e-02 -3.21250781e-02
  5.45255244e-02  3.22990082e-02 -3.55750918e-02  1.05746254e-01
 -9.91317332e-02 -6.81770639e-03  6.57209009e-02 -5.66530367e-03
 -2.90217157e-02  6.24253899e-02  3.76040488e-02  1.87515561e-02
  4.77606989e-02  2.09754426e-02 -1.88501235e-02  3.68702263e-02
  2.61240043e-02  7.09585249e-02  4.75700200e-02  3.02300267e-02
  4.49355692e-02 -7.90312421e-03 -2.50353348e-02  3.34491394e-02
  6.23136200e-02  3.22268605e-02 -6.13289364e-02  6.23544902e-02
  2.75312643e-02  7.90443830e-03  1.26636133e-01  7.43349940e-02
  2.37872135e-02 -8.09665918e-02 -6.81698769e-02 -4.04953323e-02
 -9.30568762e-03  7.05753118e-02 -2.86241826e-02  2.79262140e-02
  4.33031395e-02  3.22810039e-02  4.06628624e-02 -1.00705683e-01
  1.32409278e-02  5.32116406e-02  9.61899534e-02  4.64580953e-03
  4.42967415e-02 -6.91697793e-03  9.25272033e-02  7.31164729e-03
 -2.85454537e-03 -3.26420851e-02 -9.94519331e-03  1.02944463e-01
  7.52295032e-02  7.75738209e-02 -2.32752156e-03 -3.12725231e-02]
Number of dimensions: 384

Sentence: I like creating AI projects.
Numerical Embedding:
[-7.04504326e-02 -8.49449933e-02  4.72516147e-03  1.29326232e-04
  5.53179234e-02 -5.62538989e-02  3.71607430e-02  3.53306122e-02
  5.83887734e-02  3.92701365e-02 -5.12148589e-02 -2.52163466e-02
  2.78311688e-02  5.11447340e-02  7.80824525e-03  4.67142388e-02
  5.00221737e-03 -2.70061214e-02 -1.93608198e-02 -4.43667844e-02
 -1.65421404e-02  3.28908041e-02  4.81678285e-02 -4.44997400e-02
 -9.95394122e-03  8.06815326e-02  6.07085451e-02 -1.01510480e-01
  4.66764420e-02 -3.59257795e-02 -5.75420000e-02  2.79179048e-02
  4.19684984e-02 -2.28656907e-04  4.62686364e-03  8.34680945e-02
 -1.95048209e-02 -2.59168982e-03  5.17442413e-02 -6.06523007e-02
 -8.20941105e-02 -9.68197547e-03  7.77816847e-02 -5.83571643e-02
  5.43397665e-02  2.87187379e-03 -3.77237536e-02 -6.33462071e-02
  9.06072780e-02  3.21380123e-02 -3.67796496e-02 -6.30613863e-02
 -4.06253040e-02 -6.13005385e-02 -2.44248863e-02 -9.59024951e-03
  2.39781030e-02  2.53334176e-02 -3.13694142e-02 -6.74237758e-02
  4.40670289e-02  1.08968820e-02  8.57965741e-03 -1.02078561e-02
  7.13670701e-02  3.85930836e-02 -2.55343243e-02  5.47510535e-02
  7.44865369e-03 -2.55057942e-02  1.65040158e-02  9.83289257e-02
  1.25489701e-02  5.94615377e-02  5.72097376e-02 -5.31521917e-04
  3.47755216e-02 -1.26356143e-03  6.79453015e-02 -5.35730869e-02
  1.35155870e-02 -7.04151019e-02 -1.79217868e-02  8.60539824e-02
  1.55737055e-02 -2.09436044e-02  6.40066266e-02  7.13817924e-02
  4.22276556e-02  1.16049610e-02 -9.10039060e-03 -1.72693823e-02
 -2.28406908e-03 -8.20719521e-04  2.17691474e-02  4.56965230e-02
  6.05159951e-03 -6.06915765e-02 -5.54175600e-02  6.17737137e-02
 -8.13219994e-02 -1.95914470e-02 -1.79571143e-04  1.13441413e-02
 -2.09138952e-02  3.55223417e-02  1.75603498e-02 -4.08740900e-02
  4.88396697e-02  1.04671875e-02 -5.29247783e-02  2.34937324e-04
  4.20990475e-02 -4.73177806e-02  9.75384787e-02  2.06637960e-02
 -1.22422157e-02  8.14796016e-02  5.07523529e-02  3.41037177e-02
  5.35624567e-03  2.57073287e-02 -6.91501647e-02  6.35617301e-02
 -1.65695716e-02 -1.58481505e-02 -6.44351244e-02 -5.04355182e-33
 -5.32012340e-03  4.02228907e-04  6.17341846e-02  8.46649557e-02
  8.61608535e-02 -7.69196600e-02  4.18995358e-02  8.90639052e-02
 -3.09700165e-02 -2.66734716e-02 -1.81170832e-02  2.56608576e-02
 -7.85740316e-02  1.04809076e-01  7.42849782e-02 -7.31086433e-02
  9.72065330e-03  4.95675206e-02 -8.33563581e-02 -5.28519601e-02
 -3.11310068e-02 -7.24478588e-02  4.67181802e-02  8.38441923e-02
  7.98753947e-02  2.81399861e-03  7.92483464e-02 -1.03771783e-01
  1.77597851e-02  1.51554877e-02 -3.81095409e-02  5.57409413e-02
 -6.21398464e-02 -7.79410079e-03 -6.11257441e-02  5.12828417e-02
 -3.02468631e-02 -2.48711538e-02  2.60999352e-02  1.01051562e-01
 -2.09221821e-02  3.64234783e-02  3.24526541e-02 -7.03674136e-03
  7.28510618e-02 -3.17310691e-02  5.27276248e-02 -8.41899833e-04
  5.94741432e-03 -4.74630408e-02 -6.49251416e-02  3.54011580e-02
  2.60093901e-02 -2.68602446e-02  4.74109016e-02 -6.16428591e-02
 -9.73127782e-03 -1.81001667e-02 -2.41296925e-03 -1.08465701e-02
 -1.77466180e-02  6.05270267e-02 -5.63520864e-02  6.27181008e-02
 -5.36858402e-02  1.08792365e-01  6.59928424e-03  5.36608621e-02
  1.01191394e-01  9.42255836e-03 -3.16747762e-02  1.00423489e-02
 -3.74052860e-02 -5.94065487e-02 -9.79025289e-02 -1.47089912e-02
 -2.93438006e-02 -9.58422869e-02 -1.73871573e-02 -3.04741897e-02
 -4.41317186e-02 -5.60100935e-02 -3.05592157e-02 -5.86220399e-02
  5.89411184e-02 -9.97701101e-03 -2.44794097e-02 -2.30092425e-02
  1.23119103e-02 -2.75084823e-02 -3.19034755e-02 -4.17965427e-02
 -1.85059905e-02  3.78427953e-02 -1.07990928e-01  5.16015535e-33
 -5.74375540e-02 -6.49079755e-02 -1.25523001e-01  2.36472562e-02
  1.53982779e-02 -3.45975086e-02 -6.79636970e-02 -4.63496298e-02
  3.30152996e-02  1.39843717e-01 -1.67436190e-02 -6.50697276e-02
 -4.40288149e-02  2.63248067e-02 -9.78562236e-03 -4.71698269e-02
 -5.49223623e-04 -1.87859666e-02 -4.58219126e-02  7.55125657e-04
  6.66609616e-04  1.15259029e-01 -5.80524355e-02 -4.40501869e-02
  6.30071461e-02  1.26656583e-02 -5.67068793e-02  1.17087681e-02
  6.04097173e-03  2.80212294e-02 -4.48780227e-03 -7.69398957e-02
 -9.05363560e-02 -3.51045839e-02 -2.08233972e-03  2.50037629e-02
  4.42396756e-03 -8.32179338e-02 -2.62180232e-02 -1.69799547e-03
  2.87592299e-02 -8.11813623e-02 -2.38898699e-03  2.40050126e-02
 -4.00069952e-02 -5.81555208e-03 -9.88157187e-03  8.41074213e-02
  1.24832960e-02 -4.74451408e-02  3.68677313e-04  1.47929443e-02
 -2.00744849e-02 -1.29407167e-01 -3.97309139e-02  1.05383107e-03
  5.54995611e-02  7.83022027e-03  2.69158073e-02  4.87753488e-02
 -7.93728158e-02 -9.45234392e-03  4.85228300e-02  2.06623431e-02
 -4.83585484e-02 -1.58361457e-02 -6.38384698e-03  4.90061007e-02
 -3.00182067e-02 -9.39823836e-02  4.93729748e-02 -9.90856253e-03
 -3.69172283e-02  1.14538327e-01 -1.01212710e-01 -4.22538072e-02
  1.81759465e-02  4.35868800e-02 -1.02720736e-02 -2.16905475e-02
  2.05131546e-02 -6.32377639e-02  1.33053781e-02  3.49038690e-02
 -5.38153108e-03  6.14674129e-02 -7.55948201e-03 -5.90662472e-03
 -2.16552410e-02  4.73455787e-02 -5.02104796e-02  6.41978830e-02
  1.47454944e-02  5.57921752e-02 -5.47361113e-02 -1.42373064e-08
  1.46654909e-02  3.44096757e-02  1.36018172e-01  2.61289515e-02
 -3.50695453e-03  3.27477939e-02 -7.05123991e-02  2.49096137e-02
 -2.67906990e-02 -4.31604423e-02  5.94789609e-02 -3.50572844e-03
 -1.17929848e-02  7.53542259e-02  6.95588961e-02 -3.84926610e-02
  5.10467440e-02  4.70501557e-03  2.53526829e-02 -1.54970782e-02
  5.82206585e-02  4.61724401e-02 -3.15873623e-02  2.76808236e-02
 -1.52728660e-02 -6.39049038e-02  2.56384388e-02  2.12697033e-02
 -3.93480733e-02  7.77910724e-02 -6.26723794e-03  9.60551202e-02
  2.80552506e-02  2.90411916e-02  7.17476234e-02  1.84348673e-02
  3.06684226e-02 -5.55276237e-02 -2.44911816e-02 -7.03974888e-02
 -2.43215822e-03  1.33037090e-01  1.76817682e-02 -7.11025670e-02
  3.81642692e-02  1.76058579e-02  2.26130534e-04 -1.46855712e-01
  3.05024628e-02  1.30018443e-02 -3.76776755e-02  2.90109105e-02
  3.63394581e-02  7.14886114e-02  1.62230343e-01  6.44696653e-02
 -1.68184750e-02 -5.57164736e-02 -5.23269596e-03  1.03742503e-01
  9.54573750e-02  1.12036400e-01 -9.79172438e-03 -3.67073007e-02]
Number of dimensions: 384

Text has been successfully converted into numerical vectors.